5.281917644733543966e+03
5.301679363281370570e+03
5.332935675112342324e+03
5.351563479139891570e+03
5.352079679932776344e+03
5.375737421292911677e+03
5.385384659880734034e+03
5.399278819805397688e+03
5.414870241611782149e+03
5.443583244007427311e+03
5.460286022903560479e+03
5.498051723922275414e+03
5.518223429836391006e+03
5.566490913541769260e+03
5.577355577064736281e+03
5.651357558866904583e+03
5.689178728665676317e+03
5.725040624265966471e+03
5.774885636358259944e+03
5.835314607875043293e+03
5.896817223013087641e+03
5.964436165102524683e+03
5.282271436441014885e+03
5.306296326994310220e+03
5.332872130137650856e+03
5.352610617230993739e+03
5.356056092861647812e+03
5.373907066807836600e+03
5.383401854143387936e+03
5.399318900769430911e+03
5.406811660560123528e+03
5.433514646876244115e+03
5.451694289034739995e+03
5.481115946359192094e+03
5.495470723125645236e+03
5.522727133413529373e+03
5.569360151147637225e+03
5.598257986650110979e+03
5.629491191626584623e+03
5.663886716003660695e+03
5.717029310558820725e+03
5.759629754781344673e+03
5.811531905497802654e+03
5.878608560068532825e+03
5.275517384353004672e+03
5.304579408013154534e+03
5.322539050346455952e+03
5.348129832723769141e+03
5.355049501868098559e+03
5.364513882368231862e+03
5.381642270555374125e+03
5.397256755674243323e+03
5.398595077919533651e+03
5.424921170462022928e+03
5.445383688925187016e+03
5.456202755652398992e+03
5.480562312420261151e+03
5.492268697265026276e+03
5.529934154195707379e+03
5.551685150886147312e+03
5.579330680968370871e+03
5.610586219592194539e+03
5.648243669864285039e+03
5.697792363471860881e+03
5.745374284335353877e+03
5.804894119738135487e+03
5.284358068990977699e+03
5.301632525850269303e+03
5.322904596274747746e+03
5.344391168206706425e+03
5.353366100719164024e+03
5.359739033554922571e+03
5.374741579567276858e+03
5.393855639241428435e+03
5.414185200449574040e+03
5.421586112788326318e+03
5.426097388937303549e+03
5.443001911630873110e+03
5.462646587140123302e+03
5.479276316331730413e+03
5.499425353601540337e+03
5.516978442552539491e+03
5.538251833371414250e+03
5.570292198626058962e+03
5.598867384055673028e+03
5.637530023107938177e+03
5.684006875838778797e+03
5.731578827390680090e+03
5.291105602889256261e+03
5.303678284524587070e+03
5.318713489513631430e+03
5.341555969464268856e+03
5.347446696930230246e+03
5.361288630277364973e+03
5.379004025638936582e+03
5.388670028000962702e+03
5.403172310151962847e+03
5.414950886110949796e+03
5.423566343438840704e+03
5.439476338211572511e+03
5.447854454246871683e+03
5.463272747465448447e+03
5.480423591897945698e+03
5.501117325669865750e+03
5.516984190585031683e+03
5.540184110278894877e+03
5.565170036163017357e+03
5.593022383497169358e+03
5.632108438569011923e+03
5.681919282132075750e+03
5.283223462874735560e+03
5.292006973909328735e+03
5.311484513659635923e+03
5.339600302764734806e+03
5.343599966066263733e+03
5.358179295816895319e+03
5.374617697499654241e+03
5.387909918164439659e+03
5.400395384865342749e+03
5.410983861360244191e+03
5.428576631531527710e+03
5.432441109936654357e+03
5.441711276883853316e+03
5.456861438251738946e+03
5.474237960146970181e+03
5.489204777534756431e+03
5.503739197276752748e+03
5.525079698051685227e+03
5.543458318290879106e+03
5.569965195578653947e+03
5.598952762908345903e+03
5.642318908164314053e+03
5.278172397944636032e+03
5.288712109533220428e+03
5.306820653832883181e+03
5.329841729887655674e+03
5.335621264735726072e+03
5.356109997009187282e+03
5.374089393068681602e+03
5.390538700092336512e+03
5.401621674218577027e+03
5.416644438814916612e+03
5.428711376102367467e+03
5.433221158437875602e+03
5.441608979096110488e+03
5.457694868559739007e+03
5.473957401788325114e+03
5.486402140308526214e+03
5.502924230956392421e+03
5.517430858155485112e+03
5.532656634020725505e+03
5.554562347186882107e+03
5.582183674393141700e+03
5.615077809270020225e+03
5.268478633726756016e+03
5.283721642207272453e+03
5.314886668078292132e+03
5.334032103298515722e+03
5.336368378997138279e+03
5.357529563933820100e+03
5.376904473794988007e+03
5.389654178921084167e+03
5.407201284587492410e+03
5.414582599730904803e+03
5.431362069239864468e+03
5.439440218087215726e+03
5.453464113311665642e+03
5.465339266204877276e+03
5.480123274906211009e+03
5.492119602654316623e+03
5.506357447144683647e+03
5.521669014159788276e+03
5.533851125246033007e+03
5.551578828677424099e+03
5.575140554841872472e+03
5.600813950824220228e+03
5.271489201734604649e+03
5.294543506120637176e+03
5.315997339848256161e+03
5.334969171318482040e+03
5.347603964293986792e+03
5.362086012642541391e+03
5.381717515318869118e+03
5.395752142434568668e+03
5.409812937728045654e+03
5.424425856875626778e+03
5.437281170826056041e+03
5.449089054838652373e+03
5.467529944013100248e+03
5.481691687773178273e+03
5.492230993252443113e+03
5.507544909886631103e+03
5.517743964628109097e+03
5.531145651316506701e+03
5.542173958216878418e+03
5.560802091048100920e+03
5.576415504029773729e+03
5.602428816462663235e+03
5.263474680384388193e+03
5.289975104136214213e+03
5.314066126445317423e+03
5.336994533842302189e+03
5.359538633543194010e+03
5.365291051205633266e+03
5.387655767368119996e+03
5.404223161898875333e+03
5.419739512673681020e+03
5.435424425127721406e+03
5.455583615759802342e+03
5.464641317866198733e+03
5.478075498230940866e+03
5.498440656268333441e+03
5.512475191047235057e+03
5.526553669324915973e+03
5.540719847419411053e+03
5.550986177308416700e+03
5.552688724779988661e+03
5.567956051324001237e+03
5.588815289408831632e+03
5.609564682383554100e+03
5.265594563688129710e+03
5.293465624442402259e+03
5.324019957554448411e+03
5.343493814410714549e+03
5.366705525011651844e+03
5.373243831906998821e+03
5.394194247690951670e+03
5.416171360540110982e+03
5.435228715851431843e+03
5.454448581009310146e+03
5.474181193160593466e+03
5.482833630746616109e+03
5.498946119290237220e+03
5.516010275478514814e+03
5.529913347899047949e+03
5.542852551098941149e+03
5.557721377854177263e+03
5.569891813322007692e+03
5.580398028639387121e+03
5.596818095397812613e+03
5.616338984777648875e+03
5.617779016857813986e+03
5.276130417073392891e+03
5.303890484916482819e+03
5.332880309044920068e+03
5.351042672689491155e+03
5.377247381514074732e+03
5.396190550380371860e+03
5.407761649853549898e+03
5.429191154043943243e+03
5.450355193244453403e+03
5.468360666696324188e+03
5.485009468645914239e+03
5.501367166093681590e+03
5.517848454878901066e+03
5.532889355798885845e+03
5.547447910372011393e+03
5.560149037390221565e+03
5.573964399445075287e+03
5.585771529015775741e+03
5.595098710986073456e+03
5.613758339505769982e+03
5.631806626921876159e+03
5.651314779118840306e+03
5.279619832500849952e+03
5.307761763535190767e+03
5.338014217723035472e+03
5.364650731387642736e+03
5.395134778496887520e+03
5.406422987687354180e+03
5.425220690857060617e+03
5.443316580832834006e+03
5.461337251305843893e+03
5.485004081810511707e+03
5.502926319390437129e+03
5.516739820512653750e+03
5.533132145367033445e+03
5.548196911397610165e+03
5.576959443363313767e+03
5.584900748006110007e+03
5.601091265012231815e+03
5.612978615952610198e+03
5.627780658282637887e+03
5.639411009859028127e+03
5.654749098749868608e+03
5.675366638369966495e+03
5.285019895445320799e+03
5.322186450831988623e+03
5.345549191339106983e+03
5.377668695787529941e+03
5.404013624996094222e+03
5.426740491472424765e+03
5.442188161199599563e+03
5.456266196521457459e+03
5.480120015540045642e+03
5.498867867346129060e+03
5.518722342568940803e+03
5.538984804445877671e+03
5.569210769399755918e+03
5.579149041526781730e+03
5.594975817044475662e+03
5.607212868610143232e+03
5.615223867525585774e+03
5.633627195569350079e+03
5.644308559763006087e+03
5.659571568857763850e+03
5.675704655659022137e+03
5.690207015337982739e+03
5.292728871722818440e+03
5.332493761259274834e+03
5.359448587633545685e+03
5.391765858397695411e+03
5.422184929056436886e+03
5.443671801918790152e+03
5.463521716343357184e+03
5.480358196190789386e+03
5.494613569015322355e+03
5.523235214187692691e+03
5.553733098379640978e+03
5.567202211638647896e+03
5.585015360030107331e+03
5.597926035586893704e+03
5.611831210518187618e+03
5.626073494263670909e+03
5.639096018519739118e+03
5.647697535096102001e+03
5.664812590433907644e+03
