5.307806588666793687e+03
5.345039768545723746e+03
5.364247433326553619e+03
5.388491284185260156e+03
5.405542879158958385e+03
5.421698865959198884e+03
5.441471574477249305e+03
5.477872067749247435e+03
5.494759518286467937e+03
5.526493711624190837e+03
5.544425720269726298e+03
5.564615259971207706e+03
5.592652552643092349e+03
5.605537823499093065e+03
5.640152246020719758e+03
5.679693472805491183e+03
5.721497122674511047e+03
5.767771027455164585e+03
5.822334119502804242e+03
5.820562812121585011e+03
5.854201183839235455e+03
5.994244538147002459e+03
5.309583075009038112e+03
5.327223938494992581e+03
5.358326560864004932e+03
5.382219529586764111e+03
5.393949740812533491e+03
5.400515698578443335e+03
5.419418901608825763e+03
5.439563119377369731e+03
5.452314663782999560e+03
5.471335452733235797e+03
5.491975900026623094e+03
5.507962268023115939e+03
5.525220931134205784e+03
5.549425248919829755e+03
5.572170515770565544e+03
5.598440768414355261e+03
5.631474645214599150e+03
5.671189260871709848e+03
5.733240729791199556e+03
5.784539756585174473e+03
5.817564411115017720e+03
5.922875843613408506e+03
5.277885144592376491e+03
5.307022837719148811e+03
5.327850785744408313e+03
5.358701477463782794e+03
5.364877361376538829e+03
5.372143990649959051e+03
5.388729140940549769e+03
5.412195628180233143e+03
5.421539737778153722e+03
5.432225381419970290e+03
5.449289915088680573e+03
5.464993954885296262e+03
5.475562310907626852e+03
5.497315017731744774e+03
5.510837350447055542e+03
5.538619438255584100e+03
5.573550220410576003e+03
5.605999022808149675e+03
5.651538361809078197e+03
5.705726310598030977e+03
5.782237960330312490e+03
5.860838224579347298e+03
5.267959270462634777e+03
5.280830117074340706e+03
5.300704739758628421e+03
5.312708554903050754e+03
5.335870414936783163e+03
5.356332941741327886e+03
5.374334112891207951e+03
5.389355553415477516e+03
5.401102640443781638e+03
5.416436359229520349e+03
5.424274741987583184e+03
5.433703971789078423e+03
5.444178201026146780e+03
5.463965689348458000e+03
5.476850474153617142e+03
5.499323206688466598e+03
5.532029881881515394e+03
5.568117670736928631e+03
5.608360979065237188e+03
5.656633715798361663e+03
5.730284109889485990e+03
5.781773126437998144e+03
5.243781619506780771e+03
5.262894569662041249e+03
5.290317655655451745e+03
5.307451058460883360e+03
5.329829366148484041e+03
5.351268411753069813e+03
5.352405573378077861e+03
5.373998582318177796e+03
5.391054778101373813e+03
5.402338721737169180e+03
5.415932808760344415e+03
5.415516429562527264e+03
5.423992145165193506e+03
5.433093379097501384e+03
5.445570621318820486e+03
5.469730116275442924e+03
5.498298423899562295e+03
5.530942266357299559e+03
5.567081560597019234e+03
5.615851730435490026e+03
5.687430590440777451e+03
5.770576399138139095e+03
5.248401379345750684e+03
5.249078110293992722e+03
5.279853787075635410e+03
5.299411473940963333e+03
5.310780102375405477e+03
5.337344955251133797e+03
5.357359137152705443e+03
5.366316493153377451e+03
5.386751243010246981e+03
5.392987482744420049e+03
5.398908907357001226e+03
5.412416556526084605e+03
5.408590194314867404e+03
5.414535799787594442e+03
5.433318134464427203e+03
5.449637040618446918e+03
5.473192063520255033e+03
5.506107531014074993e+03
5.535601383368311872e+03
5.585981505526546243e+03
5.650253879987541950e+03
5.681928160469526119e+03
5.232209020551310459e+03
5.235751280556698475e+03
5.267630297544332279e+03
5.282160918752510042e+03
5.297187549183920055e+03
5.326469124344146621e+03
5.362023600707363585e+03
5.377756200369234648e+03
5.393261543912387424e+03
5.397664825208268667e+03
5.394191558832744704e+03
5.407442655766257303e+03
5.402230551227738033e+03
5.412743239085904861e+03
5.420989786358042693e+03
5.436220303354772113e+03
5.454060690288482874e+03
5.477185228368691241e+03
5.506351290979037003e+03
5.559561662819704907e+03
5.587701896191891137e+03
5.626545120397137907e+03
5.230522564622991922e+03
5.245347681943874704e+03
5.263543350869616916e+03
5.273931431944463839e+03
5.300452047828071954e+03
5.335434743018977315e+03
5.354727914873021291e+03
5.391753276018725956e+03
5.400284837575160054e+03
5.410982703442301499e+03
5.411208896355927209e+03
5.421506864151329864e+03
5.410916761505470276e+03
5.409916454299826000e+03
5.415098612630848947e+03
5.426636030504656446e+03
5.439276928383374980e+03
5.454631168699093905e+03
5.485508655482655740e+03
5.532812022484409681e+03
5.563686060905929480e+03
5.605157001121451685e+03
5.232817422229483782e+03
5.245030765020193940e+03
5.257522265422903729e+03
5.286106694722580869e+03
5.312472819820997756e+03
5.349148423551345331e+03
5.364622072791875325e+03
5.398571731686883140e+03
5.416499883613751081e+03
5.421012691118225121e+03
5.418120460758851550e+03
5.429268716148248132e+03
5.420380332034294042e+03
5.418716729795793981e+03
5.415370106888509326e+03
5.426236882511570002e+03
5.436147233377967495e+03
5.450872397586994339e+03
5.476050260466907275e+03
5.509754500656199525e+03
5.548249074508634294e+03
5.589006046290647646e+03
5.234650322509298348e+03
5.248732897624366160e+03
5.272098527038862812e+03
5.301825908629338301e+03
5.322497963385409093e+03
5.356859451478820120e+03
5.393785486296777890e+03
5.415408475435608125e+03
5.438159644882714929e+03
5.448104613010493267e+03
5.444156923464560350e+03
5.443844654544922378e+03
5.435668900143385144e+03
5.437107517207855381e+03
5.430187080827499813e+03
5.428265848455068408e+03
5.441802735158727955e+03
5.451527140443240569e+03
5.477771556701727604e+03
5.502067559039556727e+03
5.538958319386845687e+03
5.571773100571759642e+03
5.234771859536233023e+03
5.243663659702047880e+03
5.271552191797187334e+03
5.314258864919469488e+03
5.353510439679645060e+03
5.385800603942245289e+03
5.419802717652788488e+03
5.438649310532783602e+03
5.456012537958814391e+03
5.470536963890900552e+03
5.476469547521155619e+03
5.469014198784144355e+03
5.466783216705746781e+03
5.459826918924210077e+03
5.460177383558695510e+03
5.447642087118390918e+03
5.455168987348635710e+03
5.466518690323442570e+03
5.483052652867281722e+03
5.510387041397189023e+03
5.540245130990266262e+03
5.578093851800540506e+03
5.244952617043589271e+03
5.241235709482096354e+03
5.282813252228361307e+03
5.321995979195595282e+03
5.376039536049678645e+03
5.410362401017300726e+03
5.435874619060171426e+03
5.465408537055291163e+03
5.478126845541622060e+03
5.491913216610685595e+03
5.499364107393436825e+03
5.492648601994053024e+03
5.491361406189119407e+03
5.482010732547758380e+03
5.481792081323943421e+03
5.481005685737763997e+03
5.488569926407173625e+03
5.481271917268924881e+03
5.505545253889904416e+03
5.530426603581297968e+03
5.553660632071761938e+03
5.593249688322341171e+03
5.227106116686605674e+03
5.254217839224691488e+03
5.296213356577278319e+03
5.343782307749064785e+03
5.386688636198825407e+03
5.424918523825730517e+03
5.458855473112085747e+03
5.487526302622436560e+03
5.500569301795976571e+03
5.517943495574371809e+03
5.522600412444013273e+03
5.528345252812715444e+03
5.516582889289376908e+03
5.511758251561160250e+03
5.512393514730712923e+03
5.510258826783210679e+03
5.517468509259546408e+03
5.525317817059752997e+03
5.539584282883781270e+03
5.551417199289693599e+03
5.578570488518415004e+03
5.607940940892667641e+03
5.234124455047367519e+03
5.264275206161200913e+03
5.318010961355521431e+03
5.353935409548908865e+03
5.402381599560922041e+03
5.438368823917997361e+03
5.473558422459800568e+03
5.504063089303510424e+03
5.531873250981343517e+03
5.543292610256781700e+03
5.554667410668672346e+03
5.555440314354880684e+03
5.559900436331923629e+03
5.549107937303845574e+03
5.542208831214804377e+03
5.550935262723453889e+03
5.554507096884522980e+03
5.564797443961813769e+03
5.567258677535895913e+03
5.597620868676769533e+03
5.621392564392976055e+03
5.644434399786676295e+03
5.215381156270366773e+03
5.275860634471029698e+03
5.316720878895239366e+03
5.363095001456997124e+03
5.415031684728086475e+03
5.453959287511130242e+03
5.497347432001073685e+03
5.530041359413886312e+03
5.552875446416646810e+03
5.573359714398777214e+03
5.577323973541117084e+03
5.588223940545526602e+03
5.588110774339673299e+03
5.588485082353218786e+03
5.592019998559922897e+03
5.592230615299133206e+03
5.592141662232019371e+03
5.600699351353856400e+03
5.617938185347945364e+03
