5.447906661687148699e+03
5.538787197617297352e+03
5.353618818660909710e+03
5.312419960490320591e+03
5.227371091583746420e+03
5.217662459524368387e+03
nan
5.288954715851282344e+03
5.201065956090288637e+03
5.434026187834698248e+03
nan
5.449295964470275976e+03
5.251496983559010005e+03
5.369182147853384777e+03
5.213027358845060917e+03
5.484443817570392639e+03
5.230495444355199652e+03
5.201642724279628055e+03
5.284923744343767794e+03
5.280655190100438631e+03
5.310336102479210240e+03
5.240828643840879522e+03
5.367744067413360426e+03
5.452360963878650182e+03
5.419355820089000190e+03
5.385511707019273672e+03
5.448486849667815477e+03
5.545675082572067367e+03
5.341773931623253702e+03
5.712321829340607110e+03
5.334073955267690508e+03
5.443862696097101434e+03
5.655346454519727558e+03
5.471167908731079478e+03
5.330768080381190885e+03
5.393190737253007683e+03
5.613074041209808456e+03
5.794421901154167244e+03
5.326774080651515760e+03
5.505203558539696132e+03
5.825778986989952500e+03
5.777868937260720486e+03
5.393302124882868156e+03
5.803856624981496680e+03
5.310006671275135886e+03
5.667971284485018259e+03
5.765771354943401093e+03
5.499803294455432479e+03
5.330136243879050198e+03
5.630797079961004783e+03
5.811017156644547867e+03
5.774186840368181038e+03
5.509257167502095399e+03
5.461038433740549408e+03
5.686619434944447676e+03
5.561321454766236457e+03
5.463020526827775029e+03
5.682110781054747349e+03
5.662954571993582249e+03
5.664024355856301554e+03
5.547520027432806273e+03
5.883748040960552316e+03
5.319965470847399956e+03
5.824892730865138219e+03
5.490817854505767173e+03
5.622041163101568600e+03
5.672290089145908496e+03
5.443257583054589304e+03
5.422412098164810232e+03
5.618478034791492973e+03
5.777755346668229322e+03
5.597847673291091269e+03
5.724479163493138003e+03
5.727188381883866896e+03
5.695207914519847691e+03
5.534021690762165235e+03
nan
5.824896599930822049e+03
5.840354682350709481e+03
nan
nan
5.539173631117791047e+03
5.823878422851783398e+03
5.753646483867447387e+03
5.412901539313445937e+03
5.750782574118239609e+03
5.529977282045450920e+03
5.830525354801835419e+03
5.872069978301552510e+03
5.518764118453208539e+03
5.777345701004903276e+03
5.872621472933272344e+03
5.589852899199910098e+03
5.618653777346353309e+03
5.781801680310127267e+03
5.852812141500400685e+03
5.654162362453948845e+03
5.877373135345777882e+03
5.635928633041904504e+03
5.587109851449256894e+03
5.630362181424728078e+03
5.622536939245298527e+03
5.671634089903373024e+03
5.321772735076612662e+03
5.394242197492087143e+03
5.319066984519256948e+03
5.625526199122056823e+03
5.684307351816920345e+03
5.708903282282784858e+03
5.498357921586140037e+03
5.474150392538419510e+03
5.437333377520630165e+03
5.643251693006092864e+03
5.764860150514068664e+03
nan
5.879162036302936031e+03
5.716542114732161281e+03
5.764099051716517351e+03
5.851392875908418318e+03
5.417095876286090061e+03
5.477306267853958161e+03
nan
5.869436529192723356e+03
5.404157680830550817e+03
5.846225916784572291e+03
5.618953384508679846e+03
5.558004156288000559e+03
5.453862358163280078e+03
5.496869176078310375e+03
5.479315622263770820e+03
5.733040181194748584e+03
5.675297846288042820e+03
5.342354895999315886e+03
5.588159008615547464e+03
5.330448171429297872e+03
