5.458667139687739109e+03
5.537825315423268876e+03
5.356014558450915501e+03
5.324570457276251545e+03
5.225269390986543840e+03
5.212506703660346830e+03
nan
5.285062915145579609e+03
5.195211467977247594e+03
5.433588820440001655e+03
nan
5.450942149637387047e+03
5.245598345864914336e+03
5.370408817591280240e+03
5.207099251676185304e+03
5.483803435083277691e+03
5.230798599201546494e+03
5.204407755521713625e+03
5.286744650355943122e+03
5.275997560079655159e+03
5.305303087738984686e+03
5.248660340890287443e+03
5.369628752410540983e+03
5.453068960479944508e+03
5.420733188931752920e+03
5.385166182307999406e+03
5.442323801747300422e+03
5.549843151178291919e+03
5.344394018782609237e+03
5.711162968071365867e+03
5.337190336215756361e+03
5.443856854107303661e+03
5.658698393067439611e+03
5.465608879951564631e+03
5.332680515606492918e+03
5.394567070598284772e+03
5.615073396983139901e+03
5.787887672036986260e+03
5.330779877665509957e+03
5.510588028064325954e+03
5.817945050532334790e+03
5.779093763364609913e+03
5.390955075993430910e+03
5.798873267863365982e+03
5.311629382963051285e+03
5.666542726856027912e+03
5.761677339619755003e+03
5.510943678239582368e+03
5.333899798173873023e+03
5.629968452486573369e+03
5.812443287932434032e+03
5.771171112206728139e+03
5.514879226008810292e+03
5.463765203346204544e+03
5.680988388820160253e+03
5.569105812970577972e+03
5.466481507145402247e+03
5.678929427067187135e+03
5.666169008430077156e+03
5.671028648526696998e+03
5.532075387431520539e+03
5.882979384375195878e+03
5.321038168259455233e+03
5.821837544703048479e+03
5.479130829901526340e+03
5.639409564198015687e+03
5.673657881579070818e+03
5.442695454929556945e+03
5.427234852541037981e+03
5.612985296398532228e+03
5.777455001021276075e+03
5.593637868021501163e+03
5.724916946254796130e+03
5.727149805971084788e+03
5.695426806886362101e+03
5.526483562047194027e+03
nan
5.826271563243289165e+03
5.836446570721125681e+03
nan
nan
5.536979819705788941e+03
5.818038405631512433e+03
5.759722755725810202e+03
5.410040417480513497e+03
5.757675108620693209e+03
5.532748152336710518e+03
5.821456921909498305e+03
5.871690316497623826e+03
5.521973246070558162e+03
5.777060622537424933e+03
5.872110378977828987e+03
5.595174633709019872e+03
5.589352150870655350e+03
5.778588409525408679e+03
5.851506986815137680e+03
5.643823961901121947e+03
5.877303648580008485e+03
5.635446991572992374e+03
5.585171612329912932e+03
5.620442021920004663e+03
5.610091470635340556e+03
5.669781965517277058e+03
5.326266812754078273e+03
5.391191915727395099e+03
5.322948534828650736e+03
5.613774008354997932e+03
5.687416630486888607e+03
5.707964009108216487e+03
5.495296466117068121e+03
5.475898605333853993e+03
5.440519323187858390e+03
5.646869844262476363e+03
5.763448346411178136e+03
nan
5.881925252414642273e+03
5.712561629167847059e+03
5.770782905353424212e+03
5.850015878551054811e+03
5.423388564136247624e+03
5.484503578855612432e+03
nan
5.867190952213570199e+03
5.406212630293695838e+03
5.842889495631121463e+03
5.636312050326740064e+03
5.567925549799760120e+03
5.473081267009207295e+03
5.493542152431085015e+03
5.472165857958479137e+03
5.731758537101261936e+03
5.686244512334134924e+03
5.342228425758026788e+03
5.587178149466738432e+03
5.328332207469994501e+03
