2.407232392109472130e+01
2.694087656941883324e+01
2.767270510867092526e+01
3.554951031316431909e+01
3.500811631934175239e+01
2.945255138792890648e+01
2.812815115011289890e+01
2.859676228580065072e+01
2.795502653475159605e+01
2.217565234726407652e+01
1.790963233329148352e+01
2.148595771858344960e+01
2.635499020703718998e+01
3.433114097298766865e+01
4.672791088547910476e+01
5.471398584934104292e+01
5.605688549998285453e+01
5.605688549998285453e+01
5.435175656333376537e+01
3.916267128395338659e+01
nan
nan
1.349493205899671011e+01
7.111533506381420011e+00
2.903186388917674776e+00
4.759867418624708080e+00
8.749250774795655161e+00
1.435476813446712185e+01
1.547731578064849600e+01
2.093008664870103530e+01
2.571047957789050997e+01
2.053931777301022521e+01
1.828516879840572074e+01
2.133477366654824436e+01
2.584783771735237679e+01
3.171886776279370679e+01
3.878838873500899354e+01
4.430287118539763469e+01
5.181652278082765406e+01
5.313807710676064744e+01
4.364161970354416553e+01
3.619773389866440994e+01
3.702556308554540010e+01
3.916267128395338659e+01
-2.459148176644703199e+00
-1.307519490429513098e+01
-2.516029724109830568e+01
-1.798407915911684540e+01
-1.183100563648440584e+01
-6.152588364689108857e+00
1.533167771449370775e+00
1.297591584356814565e+01
1.730307317179449456e+01
1.203155751815484109e+01
1.299710301577852078e+01
1.604429507728127646e+01
1.776887189282388135e+01
2.113504493187338085e+01
2.862420051508343022e+01
3.229478882200874068e+01
3.809814652571731131e+01
3.974786730934010848e+01
3.600425419909333868e+01
3.321316218390529684e+01
3.303191910516125063e+01
3.351480337253633479e+01
-8.870363684025505790e+00
-2.093382268792720424e+01
-2.462790092444356560e+01
-2.286294054750669602e+01
-1.794244086020535178e+01
-1.081227257825685228e+01
-6.936442160401384172e+00
-3.464349153974580986e+00
-6.359314557882498775e+00
-4.896891337580200343e+00
-7.026751727075861709e+00
-3.807939580967286020e+00
1.129465346644792589e+00
-4.913212767414734117e-01
6.550720186142825696e+00
1.087678941184276482e+01
7.976045597798474773e+00
1.199915447558851156e+01
1.954050245298094524e+01
2.917115485941485531e+01
3.134999945689196466e+01
3.102039437686198653e+01
-1.059298122158543265e+01
-2.017992937514827645e+01
-2.086912149531144678e+01
-2.102485170522140834e+01
-1.009295509856747231e+01
-9.898830495967558818e-01
7.704285353429440875e-01
-5.871490257584810024e+00
-2.073439342305027822e+01
-2.409953131294150808e+01
-2.327425736768236675e+01
-2.384432224631655117e+01
-2.098172633171088819e+01
-1.512365192672223202e+01
-1.139420510290619859e+01
-1.235783191308200912e+01
-2.042524919925836002e+01
-9.720213532966226921e+00
6.810621424301643856e+00
2.066963089929959096e+01
2.977818178300003638e+01
2.895513633204609505e+01
-1.447118783497626282e+01
-1.591207450457204686e+01
-1.690701072329829913e+01
-1.405366735548341239e+01
3.004211278857837897e-02
8.233072574153993628e+00
8.977265289260685677e+00
1.582018362742019235e-01
-1.180298664487600035e+01
-1.683701049858154875e+01
-1.938826412665639509e+01
-2.353235207280795294e+01
-2.136873470058344537e+01
-1.541226928766081983e+01
-1.205815745657309890e+01
-1.527868602891521732e+01
-2.780580360072417534e+01
-2.842980226499639684e+01
-9.495099321320594754e+00
1.133910431590811640e+01
3.158246048731507472e+01
2.812631946634883207e+01
-1.447118783497626282e+01
-1.447118783497626282e+01
-1.447118783497626282e+01
-1.160617922941673896e+01
4.904452456958097173e-01
9.974724231881737069e+00
9.974724231881737069e+00
4.819963838929652411e+00
-4.381789946373828570e+00
-7.552417100662751182e+00
-1.001255357906029531e+01
-9.976231054924028285e+00
-9.254904030080979283e+00
-8.773514218156378774e+00
-7.529422538975268253e+00
-1.362855635566120327e+01
-2.727856798368975433e+01
-3.316126936065847985e+01
-8.064253646493853012e+00
1.288408367098509189e+01
3.241180420460659661e+01
3.965233479196649569e+01
-1.274592088784083899e+01
-1.447118783497626282e+01
-1.447118783497626282e+01
-1.447118783497626282e+01
-1.136962782534283178e+00
8.010576030935226299e+00
9.974724231881737069e+00
5.333698915319473599e+00
1.870575669683603337e+00
3.415305809448909713e-02
2.524821225679261261e+00
6.049524435565217573e+00
3.123181071121507557e+00
1.033246131955820601e+00
-6.204829040480035474e-01
-7.009682434161732090e+00
-1.997038815825726488e+01
-2.044596331422599178e+01
1.093276833134950721e+00
2.241436287967644603e+01
3.453384561042184941e+01
3.991291200705654774e+01
1.096237223962907592e+01
-1.049064800503674633e+01
-1.447118783497626282e+01
-1.168267805639152357e+01
-7.940545924130674393e+00
-4.689998669015949417e+00
-1.702072615308679815e+00
2.168899048039747868e+00
2.609545726542819466e+00
2.482806934465770610e+00
4.410343848599950434e+00
7.212819958499494533e+00
8.010551388662861427e+00
-2.742900486628059298e-01
-4.184862967581466364e+00
-8.455118229608160618e+00
-2.004264338468055939e+01
-1.924470383197513002e+01
-1.084918164515329408e-01
1.593069056685817486e+01
2.928308471332911722e+01
3.250130581912617345e+01
1.705300739302219881e+01
1.758580816534504265e+01
1.580876698231804767e+01
-2.551416155294646160e+00
-7.940545924130674393e+00
-7.940545924130674393e+00
-6.449327168553281808e+00
-3.441882486004033126e-02
5.155876581335178344e+00
3.998988275996453012e+00
3.822576188978928258e+00
4.360826678380362864e+00
-3.411546359706335352e+00
-9.114925548275095935e+00
-1.304327571012254339e+01
-1.817494558928410697e+01
-2.536708990174702194e+01
-3.153795964850814926e+01
-1.117166033864941710e+01
4.670704405224569200e+00
1.634831872109134565e+01
1.781959857523361279e+01
1.735381428580330976e+01
1.780886086173450167e+01
1.574654674910289032e+01
3.952727906819745840e+00
-6.398213647508782742e+00
-7.940545924130674393e+00
-7.940545924130674393e+00
2.289033784604725952e+00
9.197661986799175793e+00
6.200397633971078903e+00
4.175565004910822609e+00
1.007472735671399278e+00
-7.722979622572893277e+00
-1.340044934971501789e+01
-1.866350531232637877e+01
-2.341919140513073216e+01
-3.520031511880279140e+01
-4.601588433245615306e+01
-3.356202536673299619e+01
-1.562828185453599872e+01
-5.160352907808373857e+00
-9.703376894846769574e+00
1.760879127603584493e+01
1.800835365330567583e+01
1.810263707087960938e+01
8.585072469064471079e+00
-2.993683157293162367e+00
-7.940545924130674393e+00
-8.090418676679291821e+00
3.886761952891902183e+00
1.129945942622180155e+01
8.244611945226097305e+00
5.444501225621024787e+00
1.331110477420224925e+00
-7.995256649856855802e+00
-1.364530905743868061e+01
-1.730102167272434599e+01
-2.730760171788733714e+01
-4.646634643715788116e+01
-6.224476814648824075e+01
-4.880602909091703623e+01
-3.554285781311591563e+01
-2.666510316761196009e+01
-2.093104047790802724e+01
1.794460866701410851e+01
1.810263707087960938e+01
1.810263707087960938e+01
1.479127479671751644e+01
5.070070958729047561e+00
6.019221136693886365e-01
-3.054746522077948612e+00
5.576278065827864339e-01
7.384120675176745863e+00
9.235760922332701739e+00
7.145721624321595300e+00
2.225526877768970735e+00
-4.917633073874640104e+00
-8.013325403438102512e+00
-1.426265040644921100e+01
-2.802008447371827060e+01
-5.002894469416787615e+01
-6.658714323355343367e+01
-6.223378636666166130e+01
-3.938712082998335973e+01
-2.475871833064957173e+01
-1.771028936036236701e+01
-4.785076847213531437e+00
1.810263707087960938e+01
1.810263707087960938e+01
1.490006794423698011e+01
1.244303513767954428e+01
5.793216109163040528e+00
2.222405458887806162e-01
-1.637576391900438466e+00
4.253503213339172362e+00
9.121234622440169915e+00
8.137240799606843211e+00
4.097279445713866153e+00
6.135689669903513277e+00
8.352964769066602457e+00
-6.973273216890447657e-01
-2.249787770339025883e+01
-4.469609652824510704e+01
-5.501658294656590442e+01
-5.525386348469146469e+01
-3.452882176616003562e+01
-2.037602644902290194e+01
-1.345413259659198957e+01
-5.956233866306411073e+01
-4.143287818094540853e+01
1.607172145848653599e+01
1.244303513767954428e+01
1.244303513767954428e+01
6.520993489722968661e+00
1.306543785022768134e+00
-1.160431887988124799e+00
1.058233841986293555e+00
6.081929942001806921e+00
7.007818091716217168e+00
8.849144143783632899e+00
1.414836387151626695e+01
1.693989727996358852e+01
7.844357990811658965e+00
