5.299478304630535604e+03
5.316072344050827269e+03
5.332215185150684192e+03
5.350201506508755301e+03
5.370841027704915177e+03
5.391582594923233046e+03
5.408066178057997604e+03
5.422311897825894448e+03
5.436432493750785397e+03
5.448697788042819411e+03
5.459015923071961879e+03
5.467027280593599244e+03
5.477379038634598146e+03
5.490557171282819581e+03
5.502345085396324976e+03
5.515072711347810582e+03
5.529069775707490408e+03
5.542927242912739530e+03
5.558738396871889563e+03
5.575144520150158314e+03
5.587700305110490262e+03
5.599790425780124679e+03
5.302294616269392463e+03
5.317499027778945674e+03
5.333885034990114946e+03
5.351108251775192002e+03
5.370259532655681141e+03
5.387443980216009550e+03
5.403021434517853777e+03
5.417278044116937963e+03
5.432146772082821371e+03
5.442928522426432210e+03
5.452206106647025081e+03
5.459898497322398725e+03
5.471168042097206126e+03
5.483092701238203517e+03
5.494149198224319662e+03
5.506808531227569802e+03
5.520621370825960184e+03
5.534627034115754213e+03
5.548459750243458075e+03
5.564234090876358096e+03
5.577394121927504784e+03
5.587835273428859182e+03
5.300208714093522758e+03
5.314463098839483791e+03
5.331297790006352443e+03
5.349252245887393656e+03
5.366775172866996400e+03
5.383496021761911834e+03
5.398845699833686922e+03
5.413028054220751073e+03
5.426500521741148987e+03
5.437897697057405821e+03
5.446427112080050392e+03
5.453667990260167244e+03
5.464564149535817705e+03
5.476285320276872881e+03
5.487284175068309196e+03
5.499763907735431530e+03
5.512880646644297485e+03
5.526630838303557539e+03
5.539074525688599351e+03
5.553647078115919612e+03
5.568544067007713238e+03
5.580478085710097730e+03
5.292400935287861103e+03
5.306765553027274109e+03
5.325246964847599884e+03
5.344756980260098317e+03
5.363739346078296876e+03
5.379485989177325791e+03
5.394680235661918232e+03
5.408838177836792966e+03
5.420774788328693830e+03
5.432873962895708246e+03
5.441934579517810562e+03
5.448856829061054668e+03
5.458796975175161606e+03
5.469416118744713458e+03
5.480680000787181598e+03
5.492107235121749000e+03
5.504508380129482248e+03
5.517804971187929368e+03
5.530282848159804416e+03
5.542737039951997758e+03
5.556489329206549883e+03
5.570411950352697204e+03
5.282645276886697502e+03
5.297954305427664622e+03
5.316076765203275500e+03
5.337352917499860268e+03
5.359496126223642023e+03
5.375399675089203811e+03
5.391793095359245854e+03
5.406748237319029613e+03
5.418319841218972215e+03
5.430082838590222309e+03
5.439807203434562325e+03
5.445639787719140259e+03
5.454197447025734618e+03
5.464397058774226025e+03
5.474587926485479329e+03
5.485179652238784001e+03
5.496805792356873098e+03
5.509391155379547854e+03
5.521422673478482466e+03
5.534411281987951043e+03
5.546630872592553715e+03
5.558901698405747993e+03
5.270751974746682208e+03
5.287759565997915161e+03
5.307184109075295055e+03
5.329648897383502117e+03
5.351346678511570644e+03
5.371722179427205447e+03
5.391669669737696495e+03
5.407143987914490936e+03
5.419187230337338406e+03
5.430313078537556976e+03
5.440093255379357288e+03
5.445140716611516837e+03
5.452291616509099185e+03
5.461331718523717427e+03
5.470496209620650916e+03
5.479729461574138440e+03
5.490046363246831788e+03
5.501532895173151701e+03
5.512818975811607743e+03
5.525035747870333580e+03
5.538484218753282221e+03
5.550720366070392629e+03
5.258264879812526488e+03
5.277610883365618065e+03
5.298576384156974200e+03
5.321979644938613092e+03
5.345116887107822549e+03
5.371388087832532619e+03
5.393348745866994250e+03
5.409575603520222103e+03
5.423627664772354365e+03
5.433279463675849911e+03
5.441626984230189009e+03
5.446061295628215703e+03
5.452507606503785610e+03
5.460509810975493565e+03
5.468205013190988211e+03
5.476123561407104717e+03
5.485365383378739352e+03
5.495549392947840715e+03
5.505310749409040000e+03
5.516247504088009919e+03
5.530768869033540795e+03
5.547097342154311264e+03
5.249066193887189911e+03
5.270430796337343963e+03
5.292965424129286475e+03
5.318950465025748599e+03
5.348049946173131502e+03
5.377457903482286383e+03
5.399076014959452550e+03
5.416736891451714655e+03
5.431063145231439194e+03
5.440614412299823925e+03
5.446732805307618946e+03
5.450364599830843872e+03
5.454713425627533979e+03
5.461778339851291094e+03
5.468508881072207259e+03
5.474890284182431969e+03
5.482750846568778798e+03
5.492766542470941204e+03
5.502621741900762572e+03
5.513891171734578165e+03
5.529887104575242120e+03
5.547688860398080578e+03
5.243124510778469812e+03
5.269356407573755860e+03
5.297352571768637972e+03
5.326611246204663985e+03
5.358493193054422591e+03
5.386459135247328049e+03
5.409560480672547783e+03
5.428306247832924782e+03
5.441515426364692757e+03
5.451222454968764396e+03
5.457345842846199957e+03
5.460272605841363657e+03
5.463845148328417054e+03
5.469379865751336183e+03
5.474523577691550599e+03
5.479808022928317769e+03
5.487679338101730536e+03
5.495955872331917817e+03
5.505008089558088614e+03
5.516934504234573978e+03
5.531131997718893217e+03
5.550235050474280797e+03
5.242546988842904284e+03
5.269708899153629318e+03
5.301854298147202826e+03
5.336435856561278342e+03
5.373014305115561910e+03
5.400583243888711877e+03
5.424178711309413302e+03
5.443065588238699092e+03
5.455534080487185747e+03
5.466560589513502237e+03
5.470583123194910513e+03
5.473636390652570299e+03
5.476975011918379096e+03
5.480277327998419423e+03
5.483820673525379789e+03
5.490066039076848028e+03
5.497015639814973838e+03
5.503708843938935388e+03
5.511630811078294755e+03
5.525402138170792568e+03
5.541945379020118708e+03
5.561019994071936708e+03
5.241895497042673014e+03
5.275447287717455765e+03
5.309241663310825061e+03
5.348431509556218771e+03
5.386557290694276162e+03
5.417114188014357751e+03
5.442521248945435218e+03
5.461513754149024862e+03
5.475230755217285150e+03
5.484253123701132608e+03
5.489557339961603248e+03
5.492493478568912906e+03
5.494581711118313251e+03
5.497033532655903400e+03
5.500358008211083870e+03
5.506331431381956463e+03
5.512437193711644795e+03
5.521053829246789974e+03
5.529458508319610701e+03
5.543425800230869754e+03
5.559803070291329277e+03
5.579678688701210376e+03
5.250601010417290126e+03
5.281932113541769468e+03
5.320238736287140455e+03
5.362588380292240799e+03
5.400655649232048745e+03
5.432679115158950481e+03
5.461097665773469089e+03
5.482659545213366073e+03
5.496665117964696037e+03
5.505088497270351581e+03
5.510091967591747562e+03
5.513367495234832859e+03
5.517381712357163451e+03
5.521447302864963603e+03
5.526038510910049808e+03
5.530043336876809008e+03
5.537604853159762570e+03
5.546220293544143715e+03
5.556903347815555207e+03
5.570430473444387644e+03
5.584321119493829428e+03
5.602374941485899399e+03
5.260367477614527161e+03
5.288262013767972348e+03
5.329241633410141731e+03
5.377489428178989328e+03
5.414444846563930696e+03
5.451144815417889731e+03
5.484749231942732877e+03
5.506404994047428772e+03
5.518752301521019035e+03
5.527592844011086527e+03
5.533544434357193495e+03
5.537680559541484399e+03
5.542969223496422273e+03
5.547270846697502748e+03
5.552232983960828278e+03
5.559352694728707320e+03
5.566855077615545270e+03
5.575308113491162658e+03
5.586000278517069091e+03
5.599130255482662506e+03
5.612493601174614014e+03
5.628697651708981539e+03
5.266807286895695142e+03
5.295218831311814938e+03
5.340860078675798832e+03
5.391341165006393567e+03
5.433884592333760338e+03
5.473770688256916401e+03
5.507264666405854769e+03
5.527133757759466789e+03
5.539599116116593905e+03
5.550527506761285622e+03
5.558079431953889980e+03
5.564279695046050620e+03
5.569872065773395661e+03
5.574919587273812795e+03
5.580656301113496738e+03
5.588921555085895307e+03
5.597313442062404647e+03
5.606196289085054559e+03
5.616346075233921511e+03
5.628268344250781411e+03
5.640158986462847679e+03
5.656318326461334436e+03
5.272329606101050558e+03
5.307432241244891884e+03
5.356219399176488878e+03
5.407157174393273635e+03
5.453741259061908750e+03
5.494867403680003008e+03
5.526761063047370044e+03
5.550450431159476466e+03
5.563003582274998735e+03
5.575568424525118644e+03
5.582630262209245302e+03
5.590083606045993292e+03
5.596038467537870019e+03
5.602786262880040340e+03
5.610044962786387259e+03
5.617799480784716252e+03
5.626306444658674991e+03
5.635429017942611608e+03
5.644752177431046221e+03
