-1.925956809332637931e+01
-5.488412995095131919e+00
2.734807402246588026e+00
1.252318407076563744e+01
2.018061208270592033e+01
2.964057883582245267e+01
3.714951045080852055e+01
4.051087768361321650e+01
3.943559827183889865e+01
3.973790896317314036e+01
3.957875561229047889e+01
3.900940301130594889e+01
4.194430425318114430e+01
4.686159667507945414e+01
5.469547233040884748e+01
6.247622859602051903e+01
7.117514368077991094e+01
7.977171180015557184e+01
9.157338492241706263e+01
9.481307263477810920e+01
9.474410145123420079e+01
9.487809478333383595e+01
-2.563153265541768633e+01
-1.366969714941023994e+01
-5.390064024501953099e+00
4.946147305118756776e+00
1.314877522637380025e+01
2.125061768867453793e+01
2.687874490876220079e+01
3.051580744432430947e+01
3.157405052026388148e+01
2.937114642931828712e+01
2.798270378547113069e+01
2.706427518699092616e+01
2.812756610251926759e+01
3.319187430902002234e+01
3.721927585851426556e+01
4.599615503536915639e+01
5.911789552911159262e+01
6.624384127783196163e+01
7.452697841607277951e+01
8.511429837596733705e+01
9.294205095517099835e+01
9.410454151464364259e+01
-3.652754328693845309e+01
-2.516168250440841803e+01
-1.771673590145474009e+01
-8.722255855004732439e+00
9.398507880368924816e-01
1.103747551271590055e+01
1.518200968689416186e+01
1.891924100083997473e+01
1.886372389378811931e+01
1.746771314102443284e+01
1.580084096212158329e+01
1.266783378035870555e+01
1.306752007068826060e+01
1.567311725837043923e+01
1.851587136029320391e+01
2.847582394588062016e+01
4.272369418514517747e+01
5.405255809004393086e+01
6.383017979620308324e+01
7.463854212912974617e+01
8.236851437140012422e+01
9.337900959113449062e+01
-4.656505638414819259e+01
-3.777752857886571292e+01
-3.026785372117319639e+01
-2.278015314924869017e+01
-1.317797317691292847e+01
-3.521162627353987773e+00
3.475756600293607335e+00
5.774190591337173828e+00
3.603130941271956544e+00
2.724154084896326822e+00
-4.598719544364939793e-01
-4.905148533870487881e+00
-2.996582640323140367e+00
-1.325633247975019913e+00
1.823540279304324940e+00
1.118979943302292668e+01
2.315104156518918899e+01
3.731821369759654772e+01
5.050344339269486227e+01
5.955398268503267900e+01
6.864030700674811669e+01
8.162386368090574251e+01
-5.358218876587488921e+01
-4.783231188401896361e+01
-4.285493016665623145e+01
-3.508423024016065028e+01
-2.684533095134884206e+01
-1.851704770231663133e+01
-1.187962392666486267e+01
-8.095746898871766462e+00
-1.096689626921124727e+01
-1.301576810073402157e+01
-1.743620972841108596e+01
-1.952163499612106534e+01
-1.894305088410874305e+01
-1.774232265413866116e+01
-1.563760679168080969e+01
-6.071719546554959379e+00
6.329201761973308749e+00
2.312311214482542709e+01
3.781946912581406650e+01
4.790902008488683350e+01
5.563331521452255402e+01
6.585063328777778224e+01
-6.042872298327347380e+01
-5.460550997649534111e+01
-4.738863491938627703e+01
-4.063256127362092229e+01
-3.428003883800556650e+01
-2.929112766303114768e+01
-2.383800630021596589e+01
-2.054293296151445247e+01
-2.372558711137025966e+01
-2.744247291713872983e+01
-2.920903839678521763e+01
-3.044616510115974961e+01
-3.247743625800831069e+01
-3.122183003720056149e+01
-2.974997503292433976e+01
-2.201584894931238523e+01
-7.076154882302034821e+00
9.175753902048199961e+00
2.465828549495108746e+01
3.868495779223485442e+01
4.622852477606556931e+01
5.449757127765860787e+01
-6.988357418930081622e+01
-6.254181510519902076e+01
-5.279603882287210581e+01
-4.439829379569800949e+01
-3.774827358579477732e+01
-3.133822162775959441e+01
-2.725078084774122544e+01
-2.608851085055903241e+01
-2.967196140408668725e+01
-3.303061583196904394e+01
-3.557814266218974808e+01
-3.739659391136410704e+01
-3.957605573158434709e+01
-4.173957658450490271e+01
-4.213347017298929131e+01
-3.731628018683932169e+01
-2.118730745290940831e+01
-4.717103154846881807e+00
1.004083511768931203e+01
2.426994160474168893e+01
3.282549331422615069e+01
4.205134820708371990e+01
-7.724858432705696032e+01
-6.805230332352039113e+01
-5.567839968390762806e+01
-4.700030052919009904e+01
-4.105951504399399710e+01
-3.292736991242873046e+01
-2.865433111075617489e+01
-2.599818495852741762e+01
-2.614452913196964801e+01
-2.754737229780857888e+01
-3.116251276772527490e+01
-3.709064325779399951e+01
-4.128948793223025859e+01
-4.382070375093553594e+01
-4.616536516431460768e+01
-4.372162569566353341e+01
-3.286119265608613205e+01
-1.716273584307145939e+01
-1.088556425107526593e+00
1.086757626104190422e+01
1.937324322647236841e+01
2.788625573406352487e+01
-7.555446220153135073e+01
-6.657692410508570902e+01
-5.696888563813445217e+01
-4.792698192756506614e+01
-4.089925511300043581e+01
-3.368234182235391927e+01
-2.626949216600041837e+01
-2.341146610521354887e+01
-2.177138106156871800e+01
-2.183125480766921100e+01
-2.739919791022384743e+01
-3.382606120370110148e+01
-3.955150507169855700e+01
-4.499693512842986820e+01
-4.858866826922439941e+01
-4.908245906455431395e+01
-4.289646855873616005e+01
-3.133454869755769323e+01
-1.613999810370387422e+01
-2.846370421020765207e+00
6.089463213424096466e+00
1.519249482776012883e+01
-7.221480397074265056e+01
-6.263567875216540415e+01
-5.617018381675461569e+01
-4.813673744192419690e+01
-4.080720298490541609e+01
-3.248387781164819899e+01
-2.377650163345697365e+01
-1.940718032743461663e+01
-1.770715145867598039e+01
-1.745420261558774655e+01
-2.350611023379678954e+01
-3.046004698047363490e+01
-3.681003604335001000e+01
-4.399206733979826822e+01
-5.166038074540301750e+01
-5.482295765071012283e+01
-5.187740622350065678e+01
-4.460647960533424339e+01
-3.328992907831161574e+01
-2.068037036179339339e+01
-8.964950288833279046e+00
2.747063742572208866e-01
-6.808295224574703752e+01
-5.964556339839600696e+01
-5.317347095447803440e+01
-4.519641155262979737e+01
-3.822906147609592153e+01
-2.921202675245331193e+01
-2.105662583062530757e+01
-1.659413822336591693e+01
-1.409423820081246959e+01
-1.496773255881271325e+01
-2.058282888647136133e+01
-2.753099081282562111e+01
-3.407470190600452042e+01
-4.299304992592988128e+01
-5.289985329498267674e+01
-5.968682489749062370e+01
-6.111086654777045624e+01
-5.713151448648659425e+01
-4.680445405107184342e+01
-3.343015639844179532e+01
-2.268746750814716506e+01
-9.191932496978552081e+00
-7.177648459386819013e+01
-5.881806484425760573e+01
-4.731746710274455836e+01
-3.911436848266657762e+01
-3.369049335943600454e+01
-2.661637358971893264e+01
-1.809162613709668221e+01
-1.279313085142712225e+01
-1.050676439924700389e+01
-1.120112689365669212e+01
-1.687974772152847436e+01
-2.239596982560306060e+01
-2.885610121385252569e+01
-3.843031551392414258e+01
-4.779380457201750687e+01
-5.745795722926322924e+01
-6.696744974143439322e+01
-6.351842496014705830e+01
-5.470341571519384161e+01
-4.363733338599467970e+01
-3.307228989902250760e+01
-1.885243294226620492e+01
-9.022835214137830917e+01
-7.235292334801943070e+01
-5.199214831453627994e+01
-3.353534947726257087e+01
-3.025746294065720576e+01
-2.385849033086014970e+01
-1.499092490923248988e+01
-1.011110863210615207e+01
-7.734096302831858338e+00
-7.231301604227155622e+00
-1.083991424092710076e+01
-1.584581207195151364e+01
-2.262211524241138250e+01
-3.141670170828729169e+01
-4.110698793112987914e+01
-5.073405310241287225e+01
-5.984450521158396441e+01
-6.283580839662954531e+01
-5.797591206535253150e+01
-4.602946554389745870e+01
-3.152058022491837619e+01
-1.532538193176969799e+01
-1.152838489057785409e+02
-9.116107366778396681e+01
-6.389364518962702277e+01
-3.947433417326828931e+01
-2.801038933879590331e+01
-2.115805526509484480e+01
-1.303474122159786930e+01
-9.022598012612434104e+00
-6.050517270896307309e+00
-3.439589763223921182e+00
-4.228958965702986461e+00
-7.623015271280564775e+00
-1.359973730945876014e+01
-2.210710836317230132e+01
-3.079826731682169338e+01
-3.854501210469516082e+01
-4.421397822073322459e+01
-4.850866414231404633e+01
-4.389071609112397709e+01
-3.174203993299215654e+01
-1.354786185004650179e+01
7.710640476506341656e+00
-1.378082092624781581e+02
-1.029186156491114161e+02
-7.662075949452537316e+01
-4.827476510825181322e+01
-2.725800892402003228e+01
-2.176293775954763987e+01
-1.444953955058281281e+01
-8.339510489861822862e+00
-4.079355748317539110e+00
-5.314436339431267697e-01
