4.812755827768341987e+00
2.145246357432370132e+01
3.040751251091751328e+01
4.807269438392995653e+01
5.518872840204767272e+01
5.909313022375135915e+01
6.527766160092141945e+01
6.910763996941386722e+01
6.739062480659049470e+01
6.191356131043721689e+01
5.748838794558196241e+01
6.049536072988939850e+01
6.829929446021833428e+01
8.119273764806712279e+01
1.014233832158879522e+02
1.171902144453615620e+02
1.272320291807627655e+02
1.358285973001384264e+02
1.459251414857508280e+02
1.339757439187314958e+02
nan
nan
-1.213660059642097622e+01
-6.558163643028819934e+00
-2.486877635584278323e+00
9.706014723743464856e+00
2.189802600116945541e+01
3.560538582314165978e+01
4.235606068941069680e+01
5.144589409302534477e+01
5.728453009815439145e+01
4.991046420232851233e+01
4.626787258387685142e+01
4.839904885353917052e+01
5.397540381987164437e+01
6.491074207181372913e+01
7.600766459352325910e+01
9.029902622076679108e+01
1.109344183099392467e+02
1.193819183845926091e+02
1.181685981196169450e+02
1.213120322746317470e+02
1.299676140407163984e+02
1.332672127985970292e+02
-3.898669146358315629e+01
-3.823687740870354901e+01
-4.287703314255304576e+01
-2.670633501412157784e+01
-1.089115484844751336e+01
4.884887148026791692e+00
1.671517745834353263e+01
3.189515684440812038e+01
3.616679706558261387e+01
2.949927065917927393e+01
2.879794397790010407e+01
2.871212885763998202e+01
3.083639196351214196e+01
3.680816219024382008e+01
4.714007187537663413e+01
6.077061276788936084e+01
8.082184071086248878e+01
9.380042539938403934e+01
9.983443399529642193e+01
1.078517043130350430e+02
1.154004334765613748e+02
1.268938129636708254e+02
-5.543542006817369838e+01
-5.871135126679291716e+01
-5.489575464561676199e+01
-4.564309369675538619e+01
-3.112041403711828025e+01
-1.433343520561084006e+01
-3.460685560107776837e+00
2.309841437362592842e+00
-2.756183616610542231e+00
-2.172737252683873521e+00
-7.486623681512355688e+00
-8.713088114837773901e+00
-1.867117293678347778e+00
-1.816954524716493324e+00
8.374260465447150636e+00
2.206658884486569150e+01
3.112708716298766376e+01
4.931736817318505928e+01
7.004394584567580750e+01
8.872513754444753431e+01
9.999030646364008135e+01
1.126442580577677290e+02
-6.417516998746032186e+01
-6.801224125916724006e+01
-6.372405166196767823e+01
-5.610908194538205862e+01
-3.693828604991631437e+01
-1.950693075191338721e+01
-1.110919539132191858e+01
-1.396723715645657649e+01
-3.170128969226152549e+01
-3.711529941367552965e+01
-4.071046709609345271e+01
-4.336595724243761651e+01
-3.992477721581963124e+01
-3.286597458086089318e+01
-2.703181189458700828e+01
-1.842955145963696850e+01
-1.409604743728505127e+01
1.340289861185920017e+01
4.463009055011571036e+01
6.857865098418642447e+01
8.541149699752259039e+01
9.480576961982387729e+01
-7.489991081824973662e+01
-7.051758448106738797e+01
-6.429564564268457616e+01
-5.468622862910433469e+01
-3.424999672521698812e+01
-2.105805508887715405e+01
-1.486074101095528022e+01
-2.038473112524025055e+01
-3.552857375624626002e+01
-4.427948341572027857e+01
-4.859730252344161272e+01
-5.397851717396770255e+01
-5.384617095859175606e+01
-4.663409932486138132e+01
-4.180813248949743866e+01
-3.729453497822760255e+01
-3.488195848302621016e+01
-1.925404836294819688e+01
1.516318617363049270e+01
5.002406210814297083e+01
7.781098526338064403e+01
8.262389074400743993e+01
-8.435476202427707904e+01
-7.701300294017528358e+01
-6.726722665784836863e+01
-5.600447302511474845e+01
-3.725782834009896760e+01
-2.136349739587785734e+01
-1.727605661585948837e+01
-2.126854701162937999e+01
-3.405375135046051582e+01
-4.058303293263179512e+01
-4.559069624125004339e+01
-4.737282496628813533e+01
-4.883095976166532637e+01
-5.051309080266128149e+01
-4.966289271196455957e+01
-5.094483654250052496e+01
-4.846587543659916264e+01
-3.787837251550536166e+01
1.976581471195459017e+00
3.715402527572678082e+01
6.523729751883274730e+01
8.170368299905021559e+01
-8.999450521489779931e+01
-8.252349115849665395e+01
-7.014958751888389088e+01
-6.147148836416636186e+01
-4.219647782652828027e+01
-2.491679388149350416e+01
-1.867960687887443783e+01
-2.066448604320794402e+01
-2.427395346228604467e+01
-2.751321923971408978e+01
-2.863769154204601364e+01
-3.104111882222878194e+01
-3.816630686110875104e+01
-4.278745761897971533e+01
-4.678584806836261123e+01
-5.073130812982526550e+01
-5.283158081434339692e+01
-3.760869915729745117e+01
4.720408027424127795e-03
3.328193914071835025e+01
5.390708883689421782e+01
6.779916774112007261e+01
-6.459208996190227481e+01
-7.706757211012245534e+01
-7.144007347311071499e+01
-5.960965998395658971e+01
-4.883980103713111021e+01
-3.837234049136986869e+01
-2.797156478130909818e+01
-2.124256705717380100e+01
-1.916183533502589853e+01
-1.934844787320344039e+01
-2.298885406162389700e+01
-2.661324124520160694e+01
-3.154095368303569558e+01
-4.527122517709267413e+01
-5.277353123680586577e+01
-5.753757729416247457e+01
-6.293911194341671944e+01
-5.057925252953282325e+01
-1.624848992015540716e+01
1.308432014583740965e+01
3.537254792675321369e+01
4.769380064688630227e+01
-5.516179657772045175e+01
-4.504987058682036150e+01
-4.036141683443656802e+01
-5.068815359721884306e+01
-4.874774890903609048e+01
-4.042442373577887338e+01
-3.022582880201025546e+01
-1.944159915229465696e+01
-1.255127487734080205e+01
-1.345521433959129354e+01
-1.968353404481786129e+01
-2.609922030209327204e+01
-4.022158240305634536e+01
-5.310699288807336416e+01
-6.470365645552556089e+01
-7.299790323999422981e+01
-7.724449612524767872e+01
-7.614443925384239265e+01
-4.446158941696103284e+01
-1.600966595656882419e+01
7.383368432258066605e+00
1.809430494949083368e+01
-5.072913795994372776e+01
-4.183670253666150529e+01
-3.742692420537514408e+01
-4.124368364581005153e+01
-4.462727512360470428e+01
-3.715257267658398632e+01
-2.899717175475598196e+01
-1.430510443876119098e+01
-4.896576214013293793e+00
-8.767334924841634347e+00
-1.640726388156053872e+01
-2.652351807715422183e+01
-4.179768152857741370e+01
-5.639349927564489917e+01
-7.156335860730905551e+01
-8.310601630262135586e+01
-9.631118166657324764e+01
-1.031473988189427473e+02
-8.036647941780483961e+01
-4.905843825297779404e+01
-2.784782041595553892e+01
-1.889530939182532165e+01
-5.416769331783234520e+01
-4.080971119095192989e+01
-2.921483003186494898e+01
-3.052929601360210654e+01
-3.668417651672916691e+01
-3.455691951384960703e+01
-2.618204481377597403e+01
-8.906368898535220069e+00
7.926950269747976563e-01
-2.956514948430594814e+00
-1.143524649590744957e+01
-2.106485934818283567e+01
-3.685135786370938149e+01
-5.207562457136282319e+01
-6.509482624474185286e+01
-8.476555894715056638e+01
-1.134337961785922744e+02
-1.257631931066352990e+02
-1.035094448061108778e+02
-7.918019119911059533e+01
-5.973739306663446769e+01
-3.978347342017423216e+01
-7.228374347436420067e+01
-5.425028627713982132e+01
-3.388951124365667056e+01
-1.874407468054505443e+01
-2.518739198192815820e+01
-2.325656821719076106e+01
-1.804567143131043849e+01
-9.553480825523365638e+00
-3.499756276551124756e-01
2.004459318105546117e+00
-3.694192616605505464e+00
-1.362028519418254291e+01
-2.753974831628602260e+01
-3.943002711172539421e+01
-5.536963833757909015e+01
-7.875413757613114285e+01
-1.098734499057518406e+02
-1.294229516301829790e+02
-1.202096984320141928e+02
-8.541658637388081843e+01
-5.627929855556794791e+01
-3.303567129213206499e+01
-1.200689257529920724e+02
-7.305843659690435743e+01
-4.579100811874741339e+01
-2.457426622903130919e+01
-1.556735420111635904e+01
-1.536483915593180427e+01
-1.281250067570908868e+01
-1.066017440451287257e+01
-1.797014057557134947e+00
5.681644859216248733e+00
3.908281833903856750e+00
-3.525735825566698622e+00
-7.464047639555246860e+00
-1.375414359410569887e+01
-3.149559463851073815e+01
-6.104288980808541965e+01
-8.891007474897833163e+01
-1.035252470888799508e+02
-9.914457957581544179e+01
-6.627086169915219216e+01
-3.392388829906940373e+01
-5.743492120085647912e+00
-1.973705479255422688e+02
-1.443514938300568247e+02
-6.054903803603883716e+01
-3.583172997057226894e+01
-1.481497378634048800e+01
-1.524194426982467121e+01
-1.314299576556004467e+01
-9.499942377849947661e+00
-3.021121906331245555e+00
5.550486308058680152e+00
8.671351270620107243e+00
9.478464994906062202e+00
